CDS_props
0.08117123795404
0.0292809488510007
0.0276501111934766
0.0255744996293551
0.0240919199406968
0.0300222386953299
0.0260934025203855
0.0208302446256486
0.0241660489251297
0.0244625648628614
0.0650852483320978
0.0962935507783543
0.0254262416604893
0.0173461823573017
0.0120088954781319
0.0178650852483321
0.0131208302446256
0.0130467012601927
0.0189770200148258
0.0186805040770941
0.0190511489992587
0.0806523350630096
0.0499629355077835
0.0240177909562639
0.0699036323202372
0.0393624907338769
0.0360266864343958
0.0374351371386212
0.0323943661971831
